\begin{tabular}{lrrrrrrrrrrrr}
\toprule
{} &     CI &     IP &    CRP &    STS &     CP &     HS &   LOAN &     DL &   NONS &   NAPM &     UR &    MOM \\
\midrule
CI   &  1.000 &  0.084 &  0.074 & -0.056 & -0.021 & -0.036 &  0.165 &  0.032 &  0.015 & -0.010 & -0.130 &  0.130 \\
IP   &  0.084 &  1.000 & -0.295 &  0.020 & -0.050 &  0.135 & -0.260 & -0.205 & -0.036 & -0.048 & -0.769 &  0.142 \\
CRP  &  0.074 & -0.295 &  1.000 &  0.263 &  0.223 & -0.423 &  0.475 &  0.466 &  0.008 &  0.123 &  0.180 & -0.118 \\
STS  & -0.056 &  0.020 &  0.263 &  1.000 &  0.147 & -0.337 & -0.194 & -0.185 & -0.418 & -0.140 & -0.011 & -0.079 \\
CP   & -0.021 & -0.050 &  0.223 &  0.147 &  1.000 & -0.591 & -0.091 &  0.045 &  0.663 &  0.846 & -0.042 &  0.094 \\
HS   & -0.036 &  0.135 & -0.423 & -0.337 & -0.591 &  1.000 & -0.073 & -0.036 & -0.187 & -0.383 & -0.077 &  0.006 \\
LOAN &  0.165 & -0.260 &  0.475 & -0.194 & -0.091 & -0.073 &  1.000 &  0.644 &  0.085 & -0.068 &  0.179 & -0.166 \\
DL   &  0.032 & -0.205 &  0.466 & -0.185 &  0.045 & -0.036 &  0.644 &  1.000 &  0.115 &  0.023 &  0.112 & -0.119 \\
NONS &  0.015 & -0.036 &  0.008 & -0.418 &  0.663 & -0.187 &  0.085 &  0.115 &  1.000 &  0.874 & -0.059 &  0.158 \\
NAPM & -0.010 & -0.048 &  0.123 & -0.140 &  0.846 & -0.383 & -0.068 &  0.023 &  0.874 &  1.000 & -0.066 &  0.153 \\
UR   & -0.130 & -0.769 &  0.180 & -0.011 & -0.042 & -0.077 &  0.179 &  0.112 & -0.059 & -0.066 &  1.000 & -0.080 \\
MOM  &  0.130 &  0.142 & -0.118 & -0.079 &  0.094 &  0.006 & -0.166 & -0.119 &  0.158 &  0.153 & -0.080 &  1.000 \\
\bottomrule
\end{tabular}
